 4.060
 4.176
 4.514
 4.576
 4.727
 4.923
 4.989
 5.082
 5.265
 5.306
 5.333
 5.527
 5.594
 5.719
 5.728
 5.741
 5.783
 5.864
 5.878
 5.901
 5.904
 5.910
 5.953
 5.980
 5.987
 6.002
 6.055
 6.060
 6.095
 6.200
 6.204
 6.223
 6.240
 6.279
 6.281
 6.294
 6.348
 6.349
 6.376
 6.382
 6.411
 6.420
 6.471
 6.506
 6.507
 6.510
 6.518
 6.533
 6.534
 6.552
 6.556
 6.564
 6.591
 6.659
 6.684
 6.765
 6.786
 6.794
 6.818
 6.840
 6.840
 6.854
 6.860
 6.871
 6.872
 6.901
 6.917
 6.945
 6.958
 6.959
 6.966
 6.973
 6.980
 6.991
 7.001
 7.014
 7.017
 7.018
 7.037
 7.051
 7.052
 7.056
 7.057
 7.064
 7.066
 7.076
 7.100
 7.100
 7.102
 7.104
 7.124
 7.124
 7.125
 7.128
 7.129
 7.159
 7.162
 7.164
 7.170
 7.184
 7.198
 7.202
 7.209
 7.214
 7.216
 7.231
 7.232
 7.246
 7.254
 7.268
 7.271
 7.277
 7.289
 7.303
 7.317
 7.330
 7.330
 7.331
 7.337
 7.337
 7.368
 7.376
 7.386
 7.395
 7.398
 7.399
 7.399
 7.401
 7.412
 7.414
 7.417
 7.428
 7.434
 7.452
 7.457
 7.463
 7.469
 7.479
 7.491
 7.497
 7.498
 7.513
 7.517
 7.520
 7.520
 7.537
 7.546
 7.550
 7.552
 7.560
 7.563
 7.588
 7.588
 7.593
 7.602
 7.607
 7.622
 7.632
 7.633
 7.651
 7.654
 7.655
 7.657
 7.660
 7.662
 7.683
 7.688
 7.693
 7.698
 7.706
 7.710
 7.711
 7.713
 7.734
 7.735
 7.736
 7.743
 7.747
 7.751
 7.753
 7.765
 7.766
 7.768
 7.771
 7.785
 7.789
 7.790
 7.793
 7.794
 7.798
 7.798
 7.801
 7.806
 7.809
 7.815
 7.817
 7.823
 7.836
 7.838
 7.845
 7.846
 7.849
 7.853
 7.854
 7.866
 7.866
 7.868
 7.877
 7.882
 7.896
 7.899
 7.900
 7.903
 7.914
 7.932
 7.936
 7.943
 7.946
 7.957
 7.961
 7.966
 7.976
 8.001
 8.002
 8.003
 8.024
 8.042
 8.043
 8.045
 8.046
 8.052
 8.055
 8.064
 8.069
 8.073
 8.091
 8.097
 8.097
 8.097
 8.102
 8.104
 8.108
 8.109
 8.109
 8.111
 8.116
 8.125
 8.128
 8.130
 8.132
 8.134
 8.139
 8.157
 8.161
 8.164
 8.164
 8.164
 8.171
 8.172
 8.174
 8.177
 8.178
 8.189
 8.189
 8.193
 8.193
 8.196
 8.203
 8.209
 8.215
 8.219
 8.223
 8.223
 8.225
 8.233
 8.259
 8.273
 8.277
 8.278
 8.284
 8.285
 8.287
 8.288
 8.298
 8.299
 8.302
 8.303
 8.305
 8.310
 8.313
 8.313
 8.319
 8.321
 8.324
 8.328
 8.340
 8.342
 8.347
 8.358
 8.358
 8.370
 8.374
 8.380
 8.382
 8.385
 8.386
 8.392
 8.399
 8.406
 8.413
 8.423
 8.429
 8.430
 8.430
 8.431
 8.432
 8.435
 8.435
 8.436
 8.440
 8.441
 8.444
 8.454
 8.469
 8.471
 8.472
 8.476
 8.476
 8.477
 8.478
 8.479
 8.479
 8.484
 8.485
 8.491
 8.491
 8.493
 8.507
 8.507
 8.508
 8.511
 8.513
 8.514
 8.517
 8.523
 8.524
 8.525
 8.525
 8.530
 8.534
 8.535
 8.540
 8.541
 8.546
 8.548
 8.551
 8.555
 8.557
 8.564
 8.565
 8.577
 8.578
 8.583
 8.583
 8.583
 8.586
 8.587
 8.589
 8.597
 8.598
 8.598
 8.598
 8.607
 8.608
 8.609
 8.609
 8.611
 8.612
 8.612
 8.619
 8.621
 8.621
 8.622
 8.624
 8.625
 8.629
 8.632
 8.634
 8.641
 8.641
 8.641
 8.643
 8.645
 8.647
 8.648
 8.651
 8.652
 8.655
 8.657
 8.659
 8.661
 8.662
 8.665
 8.670
 8.672
 8.681
 8.685
 8.685
 8.695
 8.696
 8.696
 8.696
 8.701
 8.705
 8.709
 8.710
 8.713
 8.718
 8.722
 8.723
 8.724
 8.728
 8.734
 8.735
 8.735
 8.736
 8.738
 8.742
 8.744
 8.752
 8.754
 8.754
 8.755
 8.756
 8.756
 8.756
 8.756
 8.758
 8.758
 8.758
 8.761
 8.762
 8.764
 8.764
 8.765
 8.769
 8.770
 8.771
 8.772
 8.776
 8.777
 8.778
 8.782
 8.782
 8.785
 8.789
 8.791
 8.792
 8.793
 8.794
 8.796
 8.802
 8.802
 8.802
 8.802
 8.804
 8.806
 8.808
 8.813
 8.817
 8.819
 8.822
 8.825
 8.831
 8.832
 8.833
 8.834
 8.837
 8.839
 8.839
 8.844
 8.844
 8.844
 8.847
 8.849
 8.853
 8.860
 8.860
 8.869
 8.873
 8.877
 8.878
 8.878
 8.886
 8.887
 8.888
 8.890
 8.890
 8.892
 8.893
 8.897
 8.906
 8.907
 8.908
 8.912
 8.916
 8.917
 8.918
 8.919
 8.923
 8.926
 8.929
 8.931
 8.933
 8.940
 8.942
 8.942
 8.942
 8.945
 8.948
 8.950
 8.953
 8.954
 8.954
 8.956
 8.961
 8.962
 8.962
 8.963
 8.964
 8.967
 8.968
 8.969
 8.971
 8.973
 8.975
 8.975
 8.975
 8.977
 8.981
 8.982
 8.982
 8.988
 8.989
 8.990
 8.991
 8.992
 8.992
 8.993
 8.996
 8.997
 8.998
 8.998
 9.001
 9.002
 9.009
 9.009
 9.010
 9.011
 9.013
 9.014
 9.016
 9.016
 9.021
 9.024
 9.025
 9.026
 9.030
 9.031
 9.032
 9.032
 9.033
 9.033
 9.033
 9.034
 9.038
 9.040
 9.042
 9.043
 9.045
 9.046
 9.046
 9.047
 9.051
 9.053
 9.057
 9.058
 9.069
 9.070
 9.071
 9.073
 9.073
 9.073
 9.074
 9.075
 9.076
 9.076
 9.077
 9.079
 9.080
 9.087
 9.090
 9.092
 9.092
 9.094
 9.096
 9.099
 9.107
 9.108
 9.109
 9.111
 9.117
 9.117
 9.118
 9.119
 9.120
 9.120
 9.121
 9.124
 9.126
 9.128
 9.129
 9.130
 9.130
 9.132
 9.135
 9.135
 9.135
 9.137
 9.139
 9.145
 9.146
 9.147
 9.147
 9.147
 9.148
 9.149
 9.150
 9.153
 9.154
 9.155
 9.157
 9.157
 9.162
 9.167
 9.167
 9.168
 9.168
 9.170
 9.170
 9.172
 9.173
 9.174
 9.176
 9.177
 9.177
 9.180
 9.180
 9.180
 9.181
 9.191
 9.191
 9.192
 9.192
 9.194
 9.194
 9.195
 9.196
 9.197
 9.198
 9.202
 9.204
 9.204
 9.205
 9.209
 9.209
 9.210
 9.211
 9.212
 9.212
 9.213
 9.214
 9.214
 9.217
 9.217
 9.218
 9.218
 9.220
 9.220
 9.229
 9.229
 9.229
 9.231
 9.231
 9.232
 9.234
 9.235
 9.235
 9.237
 9.238
 9.238
 9.239
 9.240
 9.242
 9.242
 9.243
 9.243
 9.252
 9.256
 9.257
 9.258
 9.260
 9.260
 9.261
 9.261
 9.264
 9.267
 9.268
 9.270
 9.274
 9.274
 9.274
 9.275
 9.276
 9.277
 9.281
 9.281
 9.284
 9.285
 9.288
 9.290
 9.291
 9.295
 9.296
 9.297
 9.297
 9.298
 9.300
 9.304
 9.305
 9.307
 9.307
 9.310
 9.311
 9.313
 9.313
 9.315
 9.315
 9.318
 9.319
 9.321
 9.322
 9.322
 9.322
 9.326
 9.330
 9.331
 9.331
 9.332
 9.335
 9.338
 9.340
 9.344
 9.345
 9.346
 9.347
 9.353
 9.356
 9.356
 9.357
 9.357
 9.360
 9.360
 9.363
 9.365
 9.367
 9.371
 9.373
 9.374
 9.376
 9.377
 9.379
 9.380
 9.384
 9.385
 9.387
 9.388
 9.389
 9.389
 9.390
 9.394
 9.394
 9.395
 9.395
 9.396
 9.398
 9.399
 9.399
 9.400
 9.400
 9.402
 9.402
 9.403
 9.404
 9.406
 9.407
 9.407
 9.411
 9.414
 9.417
 9.419
 9.420
 9.420
 9.421
 9.422
 9.422
 9.422
 9.422
 9.422
 9.423
 9.424
 9.425
 9.426
 9.427
 9.429
 9.430
 9.432
 9.440
 9.442
 9.442
 9.442
 9.443
 9.443
 9.443
 9.445
 9.447
 9.447
 9.448
 9.449
 9.452
 9.454
 9.456
 9.456
 9.459
 9.461
 9.462
 9.463
 9.465
 9.465
 9.468
 9.468
 9.468
 9.468
 9.470
 9.470
 9.472
 9.473
 9.474
 9.474
 9.476
 9.477
 9.478
 9.479
 9.480
 9.481
 9.481
 9.481
 9.483
 9.483
 9.486
 9.488
 9.488
 9.492
 9.492
 9.492
 9.496
 9.496
 9.496
 9.498
 9.499
 9.501
 9.501
 9.505
 9.506
 9.510
 9.510
 9.511
 9.512
 9.514
 9.516
 9.520
 9.520
 9.521
 9.524
 9.524
 9.529
 9.532
 9.532
 9.532
 9.533
 9.533
 9.534
 9.535
 9.535
 9.535
 9.536
 9.536
 9.538
 9.538
 9.540
 9.541
 9.542
 9.542
 9.545
 9.546
 9.548
 9.549
 9.550
 9.550
 9.552
 9.552
 9.553
 9.557
 9.560
 9.560
 9.561
 9.562
 9.568
 9.569
 9.573
 9.573
 9.573
 9.576
 9.576
 9.577
 9.578
 9.579
 9.580
 9.583
 9.583
 9.590
 9.590
 9.591
 9.592
 9.592
 9.592
 9.594
 9.596
 9.596
 9.596
 9.597
 9.598
 9.598
 9.598
 9.599
 9.600
 9.600
 9.601
 9.601
 9.601
 9.604
 9.605
 9.606
 9.607
 9.608
 9.609
 9.611
 9.611
 9.611
 9.612
 9.612
 9.615
 9.617
 9.618
 9.619
 9.620
 9.621
 9.623
 9.624
 9.625
 9.628
 9.628
 9.629
 9.630
 9.634
 9.637
 9.642
 9.642
 9.642
 9.644
 9.646
 9.646
 9.650
 9.650
 9.652
 9.652
 9.653
 9.655
 9.656
 9.658
 9.659
 9.659
 9.661
 9.664
 9.665
 9.666
 9.666
 9.666
 9.667
 9.669
 9.670
 9.671
 9.673
 9.674
 9.674
 9.678
 9.678
 9.679
 9.679
 9.681
 9.681
 9.682
 9.682
 9.682
 9.682
 9.683
 9.684
 9.684
 9.684
 9.685
 9.685
 9.689
 9.689
 9.691
 9.692
 9.693
 9.693
 9.693
 9.693
 9.695
 9.695
 9.696
 9.697
 9.697
 9.697
 9.701
 9.701
 9.701
 9.702
 9.704
 9.705
 9.705
 9.706
 9.706
 9.707
 9.708
 9.708
 9.709
 9.711
 9.712
 9.715
 9.717
 9.717
 9.719
 9.721
 9.724
 9.724
 9.725
 9.725
 9.727
 9.727
 9.727
 9.728
 9.728
 9.731
 9.732
 9.734
 9.737
 9.737
 9.738
 9.742
 9.743
 9.748
 9.748
 9.749
 9.749
 9.749
 9.751
 9.752
 9.753
 9.754
 9.755
 9.755
 9.755
 9.756
 9.757
 9.758
 9.760
 9.761
 9.762
 9.763
 9.763
 9.764
 9.767
 9.768
 9.769
 9.770
 9.774
 9.775
 9.775
 9.776
 9.776
 9.777
 9.778
 9.779
 9.781
 9.781
 9.783
 9.785
 9.785
 9.786
 9.786
 9.788
 9.789
 9.790
 9.791
 9.791
 9.792
 9.792
 9.798
 9.798
 9.799
 9.799
 9.802
 9.802
 9.804
 9.805
 9.805
 9.808
 9.808
 9.808
 9.809
 9.809
 9.809
 9.810
 9.811
 9.813
 9.813
 9.813
 9.814
 9.815
 9.816
 9.816
 9.817
 9.817
 9.818
 9.818
 9.820
 9.820
 9.824
 9.827
 9.828
 9.828
 9.829
 9.829
 9.831
 9.831
 9.832
 9.832
 9.833
 9.834
 9.835
 9.836
 9.838
 9.840
 9.840
 9.840
 9.841
 9.841
 9.841
 9.842
 9.844
 9.844
 9.846
 9.847
 9.849
 9.849
 9.849
 9.849
 9.849
 9.853
 9.854
 9.854
 9.855
 9.856
 9.856
 9.856
 9.857
 9.859
 9.862
 9.863
 9.863
 9.864
 9.864
 9.864
 9.865
 9.867
 9.868
 9.871
 9.872
 9.872
 9.872
 9.874
 9.877
 9.880
 9.881
 9.881
 9.882
 9.882
 9.883
 9.883
 9.884
 9.884
 9.885
 9.886
 9.887
 9.889
 9.890
 9.891
 9.892
 9.892
 9.894
 9.896
 9.897
 9.897
 9.898
 9.900
 9.902
 9.903
 9.903
 9.905
 9.907
 9.909
 9.909
 9.911
 9.911
 9.913
 9.915
 9.916
 9.919
 9.919
 9.921
 9.921
 9.921
 9.924
 9.925
 9.926
 9.926
 9.927
 9.928
 9.928
 9.929
 9.930
 9.931
 9.931
 9.933
 9.933
 9.934
 9.935
 9.935
 9.935
 9.935
 9.936
 9.939
 9.939
 9.940
 9.940
 9.940
 9.940
 9.941
 9.941
 9.942
 9.943
 9.944
 9.946
 9.947
 9.948
 9.949
 9.949
 9.950
 9.951
 9.951
 9.953
 9.953
 9.953
 9.956
 9.956
 9.957
 9.959
 9.959
 9.959
 9.960
 9.962
 9.963
 9.963
 9.963
 9.964
 9.965
 9.965
 9.966
 9.967
 9.967
 9.969
 9.969
 9.969
 9.972
 9.972
 9.973
 9.974
 9.976
 9.977
 9.977
 9.978
 9.980
 9.980
 9.980
 9.981
 9.981
 9.982
 9.982
 9.982
 9.984
 9.985
 9.986
 9.986
 9.987
 9.987
 9.988
 9.989
 9.989
 9.989
 9.990
 9.990
 9.995
 9.996
 9.996
 9.996
 9.997
 9.997
 9.998
 9.998
10.000
10.000
10.001
10.001
10.002
10.003
10.004
10.004
10.006
10.007
10.010
10.011
10.011
10.011
10.012
10.014
10.014
10.014
10.015
10.015
10.016
10.016
10.017
10.019
10.020
10.021
10.021
10.022
10.023
10.023
10.023
10.023
10.026
10.027
10.027
10.027
10.030
10.030
10.031
10.031
10.039
10.040
10.044
10.045
10.045
10.046
10.047
10.049
10.050
10.051
10.051
10.052
10.052
10.054
10.054
10.055
10.056
10.058
10.058
10.059
10.059
10.060
10.060
10.061
10.061
10.062
10.062
10.062
10.063
10.064
10.067
10.069
10.069
10.069
10.070
10.072
10.072
10.072
10.072
10.073
10.073
10.073
10.074
10.076
10.077
10.077
10.077
10.078
10.079
10.083
10.085
10.086
10.087
10.087
10.088
10.089
10.089
10.089
10.089
10.089
10.090
10.090
10.091
10.092
10.093
10.093
10.094
10.095
10.095
10.095
10.096
10.098
10.100
10.100
10.101
10.103
10.103
10.106
10.107
10.107
10.108
10.108
10.110
10.111
10.111
10.113
10.113
10.117
10.118
10.118
10.118
10.118
10.120
10.120
10.121
10.121
10.122
10.122
10.122
10.123
10.124
10.125
10.126
10.129
10.129
10.130
10.130
10.131
10.132
10.133
10.135
10.137
10.138
10.138
10.140
10.141
10.141
10.142
10.143
10.146
10.146
10.146
10.147
10.149
10.150
10.150
10.152
10.152
10.153
10.154
10.155
10.156
10.158
10.159
10.159
10.159
10.160
10.161
10.161
10.163
10.164
10.164
10.165
10.165
10.165
10.165
10.166
10.168
10.168
10.168
10.169
10.170
10.170
10.171
10.172
10.172
10.172
10.173
10.173
10.174
10.174
10.174
10.175
10.177
10.180
10.180
10.181
10.182
10.183
10.184
10.185
10.186
10.186
10.187
10.187
10.187
10.188
10.188
10.191
10.192
10.193
10.194
10.195
10.195
10.195
10.196
10.198
10.199
10.199
10.199
10.200
10.200
10.200
10.200
10.201
10.201
10.202
10.203
10.203
10.203
10.204
10.204
10.204
10.206
10.206
10.206
10.207
10.208
10.208
10.209
10.210
10.210
10.211
10.212
10.212
10.213
10.213
10.214
10.215
10.215
10.216
10.216
10.217
10.218
10.219
10.219
10.222
10.223
10.223
10.224
10.224
10.225
10.225
10.226
10.227
10.229
10.229
10.232
10.233
10.234
10.235
10.236
10.236
10.236
10.236
10.236
10.239
10.239
10.239
10.240
10.240
10.241
10.241
10.241
10.242
10.242
10.242
10.243
10.244
10.244
10.246
10.246
10.248
10.248
10.248
10.248
10.249
10.250
10.253
10.253
10.253
10.253
10.254
10.254
10.256
10.256
10.258
10.259
10.259
10.260
10.260
10.260
10.263
10.264
10.264
10.265
10.265
10.265
10.266
10.270
10.270
10.271
10.271
10.271
10.271
10.273
10.273
10.275
10.275
10.276
10.277
10.277
10.277
10.278
10.278
10.279
10.280
10.281
10.282
10.284
10.284
10.285
10.286
10.287
10.287
10.288
10.289
10.290
10.290
10.290
10.290
10.291
10.292
10.293
10.294
10.295
10.296
10.296
10.297
10.297
10.298
10.298
10.299
10.300
10.301
10.301
10.303
10.303
10.304
10.305
10.305
10.306
10.306
10.309
10.311
10.312
10.312
10.313
10.313
10.314
10.314
10.314
10.314
10.315
10.316
10.316
10.316
10.317
10.317
10.319
10.319
10.320
10.320
10.320
10.320
10.321
10.321
10.323
10.323
10.324
10.325
10.326
10.326
10.327
10.327
10.327
10.329
10.330
10.333
10.334
10.335
10.335
10.335
10.335
10.336
10.337
10.337
10.340
10.340
10.341
10.341
10.341
10.342
10.343
10.344
10.344
10.344
10.345
10.346
10.346
10.347
10.348
10.348
10.348
10.349
10.349
10.350
10.350
10.351
10.352
10.352
10.353
10.354
10.354
10.355
10.355
10.355
10.355
10.356
10.356
10.358
10.359
10.359
10.359
10.359
10.359
10.360
10.360
10.360
10.363
10.364
10.365
10.365
10.367
10.367
10.368
10.368
10.370
10.370
10.370
10.371
10.371
10.371
10.371
10.372
10.372
10.373
10.375
10.375
10.376
10.377
10.378
10.379
10.379
10.380
10.380
10.380
10.381
10.381
10.382
10.382
10.383
10.384
10.385
10.385
10.385
10.385
10.386
10.386
10.387
10.387
10.387
10.388
10.389
10.389
10.389
10.390
10.390
10.391
10.392
10.392
10.392
10.393
10.394
10.394
10.395
10.396
10.396
10.398
10.399
10.399
10.400
10.401
10.401
10.402
10.402
10.402
10.403
10.403
10.403
10.405
10.407
10.410
10.410
10.410
10.410
10.411
10.411
10.412
10.412
10.412
10.412
10.413
10.413
10.414
10.415
10.415
10.416
10.416
10.417
10.417
10.417
10.417
10.418
10.420
10.422
10.424
10.425
10.425
10.425
10.425
10.425
10.426
10.426
10.426
10.426
10.430
10.430
10.431
10.433
10.433
10.434
10.434
10.434
10.435
10.436
10.437
10.437
10.437
10.438
10.439
10.439
10.440
10.440
10.440
10.441
10.441
10.442
10.445
10.445
10.446
10.447
10.448
10.449
10.449
10.450
10.450
10.450
10.450
10.451
10.452
10.452
10.453
10.454
10.454
10.455
10.457
10.458
10.458
10.459
10.460
10.460
10.460
10.460
10.461
10.462
10.462
10.463
10.463
10.464
10.464
10.465
10.466
10.466
10.467
10.467
10.468
10.469
10.469
10.469
10.470
10.470
10.471
10.471
10.472
10.472
10.472
10.474
10.476
10.476
10.477
10.477
10.478
10.478
10.479
10.480
10.480
10.481
10.483
10.484
10.484
10.484
10.487
10.487
10.487
10.487
10.488
10.488
10.489
10.489
10.490
10.490
10.491
10.492
10.492
10.493
10.494
10.494
10.494
10.495
10.495
10.495
10.497
10.497
10.499
10.499
10.499
10.500
10.500
10.500
10.500
10.503
10.503
10.505
10.505
10.506
10.508
10.508
10.509
10.509
10.509
10.509
10.510
10.511
10.511
10.511
10.511
10.512
10.512
10.512
10.512
10.512
10.513
10.513
10.513
10.514
10.514
10.514
10.515
10.515
10.516
10.517
10.518
10.519
10.519
10.520
10.520
10.520
10.521
10.521
10.521
10.522
10.522
10.522
10.522
10.522
10.522
10.523
10.523
10.523
10.524
10.524
10.525
10.525
10.527
10.529
10.529
10.530
10.530
10.530
10.531
10.532
10.532
10.533
10.534
10.534
10.535
10.537
10.537
10.538
10.539
10.539
10.540
10.540
10.540
10.541
10.541
10.542
10.543
10.544
10.544
10.544
10.544
10.545
10.548
10.549
10.549
10.550
10.550
10.550
10.551
10.553
10.553
10.554
10.554
10.554
10.554
10.555
10.556
10.559
10.559
10.560
10.561
10.562
10.562
10.562
10.563
10.563
10.564
10.565
10.566
10.566
10.566
10.567
10.567
10.568
10.568
10.569
10.569
10.569
10.569
10.570
10.570
10.571
10.571
10.572
10.572
10.572
10.573
10.573
10.573
10.574
10.574
10.574
10.578
10.578
10.579
10.579
10.580
10.581
10.581
10.582
10.583
10.583
10.583
10.584
10.585
10.585
10.586
10.586
10.586
10.587
10.587
10.587
10.588
10.588
10.588
10.589
10.589
10.590
10.590
10.592
10.592
10.592
10.593
10.593
10.594
10.595
10.595
10.596
10.597
10.598
10.598
10.598
10.599
10.599
10.599
10.599
10.599
10.601
10.601
10.602
10.602
10.602
10.603
10.603
10.604
10.605
10.605
10.606
10.606
10.607
10.607
10.607
10.608
10.608
10.608
10.609
10.609
10.609
10.609
10.612
10.612
10.612
10.612
10.616
10.616
10.616
10.618
10.618
10.619
10.621
10.621
10.622
10.622
10.622
10.623
10.623
10.623
10.623
10.623
10.625
10.625
10.625
10.625
10.626
10.628
10.628
10.628
10.629
10.629
10.630
10.630
10.630
10.631
10.631
10.631
10.632
10.632
10.634
10.635
10.636
10.636
10.638
10.638
10.639
10.639
10.640
10.640
10.640
10.641
10.641
10.641
10.642
10.643
10.643
10.643
10.644
10.644
10.645
10.645
10.645
10.646
10.646
10.646
10.646
10.647
10.647
10.647
10.648
10.648
10.648
10.648
10.648
10.649
10.649
10.649
10.649
10.649
10.650
10.651
10.653
10.653
10.653
10.654
10.654
10.655
10.655
10.655
10.656
10.656
10.656
10.656
10.656
10.657
10.657
10.658
10.658
10.658
10.659
10.662
10.663
10.664
10.666
10.666
10.666
10.666
10.666
10.668
10.669
10.669
10.670
10.670
10.673
10.673
10.673
10.674
10.675
10.675
10.675
10.676
10.677
10.678
10.678
10.678
10.678
10.679
10.681
10.681
10.682
10.682
10.683
10.683
10.683
10.684
10.687
10.687
10.688
10.689
10.689
10.689
10.691
10.691
10.692
10.695
10.695
10.696
10.696
10.696
10.696
10.697
10.698
10.698
10.698
10.699
10.699
10.699
10.700
10.701
10.702
10.702
10.702
10.703
10.703
10.704
10.704
10.704
10.705
10.706
10.706
10.706
10.707
10.708
10.708
10.708
10.709
10.709
10.709
10.710
10.710
10.710
10.710
10.710
10.711
10.711
10.711
10.712
10.712
10.712
10.713
10.713
10.714
10.714
10.714
10.715
10.715
10.715
10.715
10.717
10.719
10.720
10.720
10.721
10.721
10.721
10.721
10.721
10.721
10.722
10.722
10.724
10.724
10.724
10.725
10.725
10.725
10.727
10.727
10.727
10.727
10.727
10.728
10.728
10.729
10.729
10.730
10.734
10.734
10.734
10.735
10.735
10.736
10.736
10.736
10.736
10.736
10.737
10.738
10.738
10.740
10.741
10.741
10.741
10.741
10.741
10.742
10.742
10.742
10.744
10.745
10.745
10.745
10.746
10.746
10.746
10.747
10.747
10.748
10.749
10.749
10.750
10.750
10.751
10.751
10.751
10.752
10.752
10.753
10.753
10.753
10.753
10.754
10.755
10.758
10.758
10.758
10.758
10.758
10.759
10.759
10.759
10.759
10.759
10.760
10.761
10.763
10.763
10.766
10.766
10.767
10.767
10.767
10.768
10.769
10.769
10.770
10.770
10.770
10.770
10.770
10.771
10.771
10.771
10.771
10.772
10.772
10.772
10.772
10.773
10.774
10.775
10.776
10.776
10.777
10.778
10.779
10.779
10.779
10.779
10.779
10.780
10.782
10.782
10.782
10.782
10.782
10.782
10.783
10.784
10.784
10.784
10.787
10.787
10.788
10.788
10.788
10.789
10.789
10.789
10.790
10.790
10.790
10.791
10.792
10.792
10.793
10.794
10.794
10.794
10.794
10.795
10.795
10.797
10.797
10.797
10.797
10.797
10.799
10.800
10.801
10.801
10.802
10.803
10.803
10.803
10.806
10.807
10.808
10.808
10.808
10.809
10.809
10.811
10.811
10.811
10.812
10.812
10.812
10.812
10.813
10.813
10.813
10.813
10.814
10.814
10.814
10.815
10.816
10.817
10.817
10.817
10.817
10.817
10.817
10.817
10.818
10.818
10.819
10.819
10.819
10.819
10.819
10.820
10.820
10.820
10.821
10.821
10.822
10.822
10.822
10.823
10.824
10.825
10.825
10.825
10.826
10.826
10.826
10.826
10.827
10.827
10.827
10.827
10.828
10.828
10.828
10.828
10.830
10.830
10.831
10.831
10.832
10.833
10.834
10.835
10.835
10.836
10.836
10.837
10.837
10.837
10.838
10.839
10.839
10.840
10.840
10.840
10.841
10.841
10.841
10.841
10.841
10.841
10.842
10.845
10.846
10.846
10.846
10.847
10.847
10.847
10.847
10.847
10.848
10.849
10.849
10.850
10.851
10.851
10.851
10.851
10.851
10.855
10.855
10.856
10.856
10.856
10.856
10.857
10.857
10.857
10.857
10.859
10.860
10.860
10.860
10.861
10.861
10.862
10.862
10.862
10.863
10.863
10.865
10.865
10.865
10.865
10.866
10.866
10.866
10.867
10.867
10.867
10.867
10.868
10.869
10.869
10.869
10.869
10.870
10.870
10.870
10.871
10.872
10.872
10.874
10.874
10.874
10.874
10.875
10.875
10.875
10.875
10.875
10.875
10.876
10.876
10.877
10.877
10.877
10.877
10.878
10.878
10.878
10.878
10.878
10.879
10.879
10.879
10.879
10.880
10.880
10.880
10.881
10.881
10.881
10.882
10.883
10.883
10.884
10.884
10.884
10.884
10.885
10.886
10.887
10.887
10.887
10.887
10.887
10.888
10.888
10.889
10.889
10.889
10.889
10.889
10.889
10.889
10.889
10.890
10.890
10.890
10.890
10.890
10.891
10.891
10.891
10.891
10.892
10.893
10.894
10.894
10.895
10.895
10.895
10.896
10.896
10.899
10.899
10.900
10.901
10.903
10.903
10.904
10.904
10.904
10.904
10.904
10.905
10.905
10.905
10.905
10.905
10.906
10.906
10.907
10.907
10.909
10.910
10.910
10.910
10.910
10.911
10.911
10.911
10.911
10.911
10.911
10.913
10.913
10.914
10.914
10.914
10.915
10.915
10.915
10.915
10.916
10.916
10.916
10.916
10.916
10.917
10.917
10.917
10.917
10.917
10.918
10.918
10.919
10.919
10.920
10.920
10.920
10.921
10.921
10.922
10.922
10.922
10.923
10.923
10.923
10.923
10.925
10.925
10.925
10.926
10.926
10.927
10.927
10.928
10.928
10.928
10.928
10.929
10.929
10.929
10.929
10.929
10.929
10.929
10.931
10.932
10.933
10.933
10.934
10.935
10.935
10.936
10.936
10.937
10.938
10.939
10.939
10.939
10.940
10.941
10.942
10.942
10.942
10.943
10.943
10.943
10.945
10.946
10.946
10.947
10.947
10.947
10.948
10.948
10.948
10.948
10.949
10.949
10.949
10.950
10.950
10.951
10.952
10.952
10.953
10.954
10.954
10.954
10.954
10.955
10.955
10.955
10.956
10.958
10.958
10.958
10.958
10.959
10.959
10.959
10.959
10.959
10.959
10.960
10.960
10.961
10.962
10.962
10.962
10.962
10.963
10.964
10.965
10.965
10.966
10.966
10.967
10.967
10.968
10.969
10.969
10.970
10.970
10.970
10.970
10.970
10.971
10.971
10.971
10.971
10.971
10.972
10.972
10.972
10.972
10.973
10.973
10.974
10.974
10.976
10.976
10.976
10.976
10.977
10.977
10.977
10.977
10.978
10.978
10.979
10.979
10.980
10.980
10.980
10.980
10.981
10.982
10.982
10.982
10.982
10.983
10.984
10.985
10.986
10.987
10.987
10.987
10.987
10.988
10.988
10.989
10.989
10.990
10.991
10.991
10.992
10.992
10.992
10.993
10.993
10.993
10.994
10.994
10.996
10.997
10.997
10.997
10.997
10.997
10.997
10.997
10.997
10.998
10.998
10.998
10.999
10.999
10.999
11.000
11.001
11.001
11.001
11.002
11.002
11.002
11.003
11.004
11.004
11.004
11.004
11.005
11.005
11.005
11.005
11.005
11.007
11.008
11.008
11.009
11.009
11.009
11.010
11.011
11.011
11.011
11.012
11.012
11.013
11.013
11.013
11.014
11.014
11.014
11.014
11.015
11.015
11.015
11.015
11.016
11.016
11.016
11.017
11.017
11.017
11.017
11.018
11.018
11.018
11.018
11.019
11.020
11.020
11.022
11.022
11.022
11.022
11.024
11.024
11.025
11.025
11.025
11.025
11.025
11.026
11.026
11.026
11.026
11.026
11.027
11.027
11.027
11.027
11.028
11.030
11.030
11.030
11.030
11.032
11.032
11.032
11.033
11.033
11.034
11.035
11.035
11.035
11.036
11.036
11.036
11.036
11.037
11.037
11.037
11.037
11.037
11.038
11.038
11.039
11.039
11.039
11.039
11.040
11.040
11.040
11.042
11.043
11.044
11.044
11.044
11.045
11.045
11.045
11.045
11.045
11.046
11.047
11.047
11.048
11.048
11.048
11.048
11.050
11.050
11.052
11.052
11.052
11.052
11.053
11.053
11.053
11.053
11.055
11.056
11.056
11.056
11.056
11.057
11.057
11.058
11.060
11.060
11.060
11.060
11.060
11.060
11.061
11.061
11.061
11.061
11.061
11.062
11.062
11.063
11.063
11.063
11.063
11.064
11.064
11.064
11.065
11.065
11.065
11.066
11.067
11.067
11.067
11.067
11.067
11.068
11.068
11.068
11.069
11.069
11.069
11.070
11.070
11.070
11.071
11.071
11.072
11.072
11.072
11.073
11.074
11.074
11.075
11.075
11.075
11.076
11.076
11.076
11.076
11.077
11.078
11.078
11.078
11.078
11.078
11.079
11.079
11.079
11.079
11.082
11.082
11.082
11.083
11.083
11.083
11.084
11.084
11.084
11.085
11.085
11.087
11.087
11.088
11.088
11.088
11.089
11.089
11.089
11.091
11.091
11.091
11.091
11.092
11.092
11.093
11.093
11.094
11.094
11.094
11.095
11.095
11.095
11.095
11.095
11.095
11.095
11.096
11.096
11.096
11.098
11.098
11.099
11.099
11.100
11.100
11.101
11.101
11.102
11.103
11.103
11.104
11.104
11.104
11.104
11.104
11.104
11.104
11.104
11.105
11.105
11.106
11.107
11.107
11.107
11.107
11.107
11.108
11.108
11.108
11.109
11.110
11.110
11.111
11.111
11.112
11.113
11.113
11.113
11.113
11.113
11.114
11.115
11.115
11.116
11.117
11.117
11.118
11.118
11.119
11.119
11.119
11.119
11.119
11.119
11.120
11.120
11.120
11.120
11.121
11.121
11.122
11.123
11.123
11.123
11.124
11.124
11.124
11.125
11.125
11.126
11.126
11.126
11.126
11.127
11.128
11.128
11.128
11.128
11.128
11.129
11.129
11.129
11.130
11.130
11.131
11.132
11.132
11.133
11.133
11.134
11.135
11.135
11.135
11.135
11.136
11.136
11.136
11.136
11.136
11.137
11.138
11.138
11.138
11.139
11.139
11.139
11.140
11.141
11.141
11.141
11.141
11.142
11.143
11.143
11.144
11.144
11.144
11.144
11.144
11.145
11.145
11.145
11.145
11.145
11.145
11.145
11.145
11.146
11.146
11.147
11.147
11.148
11.148
11.148
11.148
11.149
11.150
11.150
11.151
11.153
11.153
11.153
11.153
11.153
11.153
11.154
11.154
11.154
11.155
11.156
11.157
11.157
11.157
11.158
11.158
11.158
11.158
11.159
11.159
11.160
11.161
11.162
11.162
11.162
11.162
11.162
11.163
11.163
11.163
11.164
11.164
11.165
11.166
11.166
11.166
11.166
11.166
11.166
11.166
11.167
11.167
11.167
11.167
11.168
11.168
11.168
11.168
11.168
11.169
11.169
11.170
11.170
11.170
11.171
11.171
11.171
11.172
11.172
11.172
11.172
11.173
11.173
11.173
11.174
11.174
11.174
11.174
11.175
11.175
11.175
11.176
11.176
11.176
11.176
11.176
11.176
11.177
11.177
11.177
11.177
11.177
11.178
11.178
11.178
11.178
11.178
11.178
11.178
11.178
11.179
11.179
11.179
11.179
11.179
11.180
11.180
11.180
11.181
11.181
11.182
11.182
11.183
11.183
11.183
11.183
11.184
11.184
11.184
11.184
11.185
11.185
11.186
11.186
11.186
11.186
11.187
11.187
11.187
11.188
11.188
11.189
11.189
11.189
11.190
11.190
11.190
11.191
11.191
11.192
11.192
11.192
11.192
11.192
11.192
11.193
11.193
11.194
11.196
11.196
11.196
11.196
11.197
11.199
11.199
11.199
11.199
11.199
11.199
11.199
11.199
11.199
11.199
11.200
11.200
11.200
11.201
11.201
11.201
11.202
11.202
11.203
11.203
11.203
11.203
11.203
11.203
11.203
11.203
11.203
11.203
11.203
11.203
11.204
11.204
11.205
11.205
11.206
11.206
11.207
11.207
11.208
11.209
11.209
11.210
11.210
11.210
11.210
11.210
11.210
11.210
11.211
11.211
11.212
11.212
11.212
11.212
11.212
11.212
11.213
11.213
11.213
11.213
11.213
11.213
11.214
11.214
11.214
11.216
11.216
11.216
11.216
11.217
11.217
11.217
11.217
11.217
11.217
11.218
11.218
11.218
11.219
11.219
11.219
11.219
11.219
11.220
11.221
11.221
11.221
11.221
11.221
11.221
11.222
11.222
11.222
11.222
11.223
11.223
11.223
11.224
11.224
11.225
11.225
11.226
11.226
11.227
11.227
11.227
11.227
11.227
11.227
11.228
11.228
11.228
11.229
11.229
11.229
11.229
11.230
11.231
11.231
11.231
11.231
11.232
11.233
11.233
11.233
11.234
11.234
11.234
11.234
11.234
11.234
11.235
11.235
11.235
11.236
11.237
11.237
11.237
11.237
11.238
11.238
11.238
11.238
11.239
11.241
11.241
11.241
11.241
11.241
11.241
11.241
11.241
11.241
11.241
11.241
11.242
11.242
11.242
11.242
11.242
11.243
11.243
11.243
11.243
11.244
11.244
11.244
11.245
11.246
11.246
11.246
11.247
11.247
11.248
11.248
11.249
11.249
11.249
11.249
11.249
11.250
11.250
11.250
11.250
11.250
11.251
11.251
11.251
11.251
11.251
11.252
11.252
11.253
11.254
11.254
11.254
11.255
11.255
11.255
11.255
11.255
11.256
11.256
11.256
11.256
11.256
11.256
11.257
11.257
11.258
11.260
11.260
11.260
11.260
11.262
11.262
11.262
11.262
11.262
11.262
11.262
11.262
11.262
11.263
11.263
11.263
11.263
11.263
11.263
11.264
11.265
11.266
11.266
11.267
11.268
11.268
11.268
11.268
11.269
11.269
11.269
11.269
11.269
11.269
11.269
11.269
11.269
11.270
11.270
11.272
11.272
11.272
11.273
11.273
11.273
11.274
11.274
11.274
11.275
11.275
11.275
11.276
11.278
11.278
11.278
11.278
11.278
11.278
11.278
11.279
11.280
11.280
11.280
11.280
11.280
11.280
11.280
11.281
11.281
11.281
11.281
11.281
11.281
11.281
11.283
11.283
11.283
11.284
11.284
11.284
11.284
11.285
11.286
11.286
11.286
11.286
11.287
11.287
11.287
11.288
11.288
11.288
11.289
11.289
11.289
11.289
11.289
11.290
11.290
11.290
11.290
11.290
11.290
11.291
11.291
11.291
11.292
11.293
11.293
11.293
11.294
11.294
11.295
11.295
11.295
11.295
11.295
11.296
11.296
11.296
11.296
11.297
11.297
11.297
11.297
11.297
11.297
11.297
11.298
11.298
11.298
11.298
11.298
11.298
11.298
11.298
11.298
11.300
11.300
11.301
11.301
11.301
11.302
11.302
11.302
11.302
11.302
11.302
11.303
11.303
11.303
11.305
11.305
11.305
11.305
11.306
11.306
11.306
11.306
11.306
11.306
11.307
11.307
11.307
11.307
11.307
11.307
11.307
11.307
11.307
11.308
11.308
11.308
11.308
11.309
11.309
11.309
11.309
11.309
11.309
11.310
11.311
11.311
11.311
11.312
11.312
11.312
11.312
11.312
11.313
11.313
11.313
11.313
11.314
11.314
11.314
11.314
11.314
11.314
11.314
11.314
11.314
11.315
11.315
11.316
11.316
11.316
11.317
11.317
11.317
11.317
11.317
11.318
11.318
11.318
11.318
11.318
11.319
11.319
11.319
11.319
11.319
11.319
11.320
11.320
11.320
11.321
11.321
11.322
11.322
11.322
11.323
11.323
11.324
11.324
11.324
11.324
11.324
11.325
11.325
11.325
11.325
11.325
11.325
11.326
11.327
11.327
11.327
11.327
11.327
11.327
11.327
11.327
11.328
11.328
11.328
11.328
11.328
11.329
11.330
11.330
11.330
11.330
11.330
11.331
11.331
11.331
11.331
11.332
11.332
11.332
11.333
11.333
11.333
11.334
11.334
11.335
11.335
11.335
11.335
11.335
11.336
11.336
11.336
11.336
11.336
11.336
11.336
11.337
11.337
11.337
11.337
11.337
11.338
11.339
11.339
11.339
11.339
11.340
11.340
11.340
11.340
11.341
11.341
11.341
11.341
11.342
11.342
11.342
11.342
11.342
11.343
11.343
11.344
11.345
11.345
11.345
11.346
11.346
11.346
11.346
11.346
11.346
11.346
11.347
11.347
11.347
11.347
11.347
11.347
11.348
11.348
11.348
11.349
11.349
11.349
11.349
11.350
11.350
11.352
11.352
11.352
11.352
11.353
11.353
11.354
11.354
11.355
11.355
11.356
11.357
11.357
11.357
11.357
11.357
11.357
11.357
11.358
11.358
11.358
11.358
11.359
11.359
11.359
11.360
11.360
11.361
11.362
11.362
11.362
11.362
11.362
11.363
11.364
11.364
11.364
11.364
11.365
11.365
11.365
11.365
11.366
11.366
11.366
11.366
11.366
11.366
11.367
11.368
11.368
11.369
11.369
11.369
11.370
11.370
11.370
11.370
11.370
11.370
11.371
11.371
11.371
11.372
11.372
11.373
11.373
11.373
11.374
11.374
11.375
11.375
11.375
11.375
11.375
11.375
11.376
11.377
11.377
11.377
11.377
11.377
11.378
11.378
11.378
11.378
11.378
11.378
11.379
11.380
11.380
11.381
11.381
11.381
11.381
11.381
11.381
11.381
11.382
11.382
11.382
11.382
11.382
11.383
11.383
11.383
11.383
11.384
11.385
11.385
11.385
11.385
11.385
11.386
11.386
11.386
11.386
11.386
11.386
11.387
11.387
11.387
11.388
11.388
11.390
11.390
11.390
11.390
11.391
11.391
11.391
11.391
11.391
11.391
11.391
11.392
11.392
11.393
11.394
11.394
11.394
11.394
11.396
11.396
11.396
11.396
11.396
11.397
11.397
11.397
11.397
11.397
11.397
11.398
11.398
11.398
11.399
11.399
11.399
11.399
11.399
11.400
11.400
11.401
11.401
11.401
11.401
11.401
11.401
11.402
11.402
11.402
11.402
11.402
11.402
11.403
11.403
11.403
11.404
11.404
11.404
11.405
11.406
11.406
11.406
11.406
11.406
11.406
11.406
11.408
11.408
11.408
11.408
11.408
11.409
11.409
11.409
11.410
11.410
11.410
11.411
11.411
11.411
11.412
11.412
11.412
11.413
11.413
11.413
11.413
11.413
11.413
11.413
11.414
11.414
11.414
11.414
11.414
11.415
11.415
11.415
11.415
11.416
11.417
11.417
11.417
11.417
11.418
11.418
11.418
11.418
11.419
11.419
11.419
11.419
11.419
11.419
11.419
11.419
11.420
11.420
11.420
11.420
11.420
11.420
11.420
11.421
11.421
11.421
11.421
11.423
11.423
11.424
11.424
11.424
11.424
11.425
11.425
11.425
11.425
11.426
11.426
11.427
11.427
11.428
11.428
11.428
11.428
11.429
11.429
11.429
11.429
11.430
11.430
11.430
11.430
11.430
11.430
11.431
11.431
11.431
11.431
11.431
11.432
11.432
11.432
11.432
11.433
11.433
11.433
11.433
11.434
11.434
11.435
11.435
11.435
11.436
11.436
11.436
11.437
11.437
11.437
11.438
11.438
11.438
11.438
11.439
11.439
11.439
11.439
11.439
11.439
11.439
11.439
11.439
11.440
11.440
11.440
11.441
11.442
11.442
11.444
11.444
11.445
11.445
11.445
11.445
11.446
11.446
11.446
11.446
11.446
11.447
11.447
11.447
11.447
11.447
11.448
11.448
11.449
11.449
11.449
11.449
11.450
11.450
11.450
11.450
11.450
11.451
11.451
11.451
11.451
11.451
11.451
11.451
11.451
11.451
11.452
11.453
11.454
11.454
11.454
11.454
11.454
11.454
11.454
11.454
11.455
11.455
11.456
11.456
11.456
11.456
11.456
11.457
11.457
11.457
11.458
11.459
11.459
11.460
11.460
11.460
11.461
11.461
11.461
11.461
11.461
11.461
11.461
11.461
11.461
11.462
11.462
11.462
11.463
11.464
11.464
11.464
11.464
11.464
11.464
11.464
11.465
11.466
11.466
11.466
11.466
11.466
11.467
11.467
11.467
11.467
11.467
11.467
11.468
11.468
11.470
11.470
11.470
11.471
11.471
11.471
11.471
11.471
11.471
11.471
11.472
11.472
11.474
11.474
11.474
11.475
11.475
11.475
11.476
11.476
11.476
11.476
11.477
11.477
11.477
11.477
11.478
11.478
11.480
11.480
11.480
11.480
11.480
11.481
11.481
11.481
11.482
11.482
11.482
11.482
11.482
11.482
11.483
11.484
11.484
11.484
11.484
11.484
11.484
11.485
11.485
11.487
11.487
11.488
11.488
11.488
11.488
11.488
11.488
11.489
11.489
11.489
11.489
11.490
11.490
11.490
11.490
11.490
11.491
11.491
11.491
11.492
11.492
11.492
11.492
11.492
11.492
11.493
11.494
11.494
11.494
11.494
11.494
11.495
11.495
11.496
11.496
11.496
11.496
11.497
11.497
11.497
11.497
11.497
11.499
11.499
11.499
11.500
11.500
11.500
11.500
11.500
11.500
11.500
11.501
11.502
11.502
11.502
11.503
11.503
11.503
11.504
11.504
11.505
11.505
11.506
11.506
11.506
11.507
11.507
11.507
11.507
11.508
11.508
11.508
11.508
11.508
11.508
11.508
11.509
11.509
11.509
11.509
11.509
11.509
11.509
11.509
11.509
11.509
11.509
11.511
11.511
11.511
11.511
11.512
11.512
11.512
11.513
11.514
11.514
11.514
11.514
11.514
11.514
11.515
11.515
11.515
11.515
11.515
11.515
11.515
11.516
11.516
11.516
11.516
11.517
11.517
11.518
11.519
11.519
11.520
11.520
11.520
11.520
11.520
11.520
11.520
11.521
11.521
11.521
11.522
11.523
11.524
11.524
11.524
11.524
11.524
11.524
11.524
11.525
11.526
11.526
11.526
11.526
11.526
11.526
11.526
11.527
11.527
11.527
11.527
11.527
11.528
11.529
11.529
11.529
11.530
11.530
11.530
11.530
11.531
11.531
11.531
11.531
11.531
11.531
11.532
11.532
11.532
11.533
11.533
11.534
11.534
11.534
11.534
11.534
11.534
11.535
11.535
11.535
11.535
11.536
11.538
11.538
11.538
11.538
11.539
11.539
11.539
11.539
11.540
11.540
11.540
11.540
11.540
11.540
11.540
11.541
11.541
11.542
11.542
11.542
11.543
11.543
11.543
11.543
11.544
11.544
11.544
11.544
11.544
11.544
11.544
11.544
11.545
11.545
11.545
11.545
11.546
11.546
11.546
11.546
11.546
11.546
11.546
11.548
11.548
11.548
11.548
11.548
11.549
11.549
11.549
11.550
11.550
11.550
11.551
11.551
11.552
11.552
11.552
11.552
11.553
11.553
11.553
11.553
11.554
11.554
11.554
11.554
11.554
11.554
11.554
11.555
11.555
11.555
11.556
11.556
11.557
11.557
11.557
11.557
11.558
11.558
11.558
11.558
11.559
11.559
11.559
11.560
11.560
11.560
11.560
11.561
11.561
11.561
11.561
11.561
11.561
11.561
11.562
11.562
11.562
11.562
11.563
11.563
11.563
11.564
11.564
11.565
11.566
11.566
11.566
11.566
11.567
11.567
11.568
11.568
11.569
11.570
11.570
11.570
11.570
11.570
11.570
11.571
11.571
11.571
11.571
11.571
11.571
11.571
11.572
11.572
11.572
11.572
11.573
11.573
11.573
11.574
11.574
11.574
11.574
11.574
11.575
11.575
11.575
11.575
11.575
11.575
11.575
11.575
11.575
11.576
11.576
11.576
11.576
11.576
11.578
11.578
11.579
11.579
11.579
11.580
11.580
11.580
11.580
11.580
11.580
11.580
11.581
11.581
11.581
11.582
11.582
11.582
11.583
11.583
11.584
11.584
11.584
11.584
11.584
11.584
11.585
11.585
11.586
11.586
11.587
11.587
11.587
11.587
11.587
11.587
11.588
11.588
11.589
11.589
11.589
11.589
11.589
11.589
11.589
11.589
11.590
11.590
11.590
11.591
11.591
11.591
11.592
11.592
11.592
11.592
11.592
11.593
11.593
11.593
11.593
11.593
11.593
11.593
11.594
11.594
11.594
11.594
11.595
11.596
11.596
11.598
11.598
11.598
11.598
11.599
11.600
11.600
11.600
11.600
11.600
11.600
11.601
11.601
11.601
11.601
11.601
11.601
11.601
11.601
11.601
11.601
11.602
11.602
11.602
11.602
11.602
11.602
11.602
11.602
11.603
11.603
11.603
11.603
11.604
11.604
11.605
11.605
11.605
11.605
11.605
11.605
11.605
11.605
11.605
11.606
11.606
11.606
11.606
11.606
11.607
11.608
11.608
11.609
11.610
11.610
11.610
11.610
11.610
11.610
11.610
11.610
11.611
11.611
11.611
11.612
11.612
11.612
11.612
11.612
11.612
11.612
11.613
11.613
11.613
11.613
11.613
11.613
11.613
11.614
11.614
11.615
11.615
11.615
11.615
11.615
11.616
11.616
11.616
11.616
11.616
11.617
11.617
11.617
11.617
11.617
11.617
11.617
11.617
11.618
11.618
11.619
11.619
11.620
11.620
11.620
11.621
11.621
11.621
11.621
11.622
11.622
11.622
11.622
11.622
11.622
11.622
11.622
11.624
11.624
11.625
11.625
11.626
11.627
11.627
11.628
11.628
11.629
11.629
11.629
11.629
11.629
11.630
11.630
11.630
11.630
11.630
11.630
11.630
11.630
11.631
11.631
11.631
11.632
11.633
11.633
11.633
11.633
11.633
11.633
11.633
11.633
11.633
11.634
11.635
11.635
11.635
11.635
11.635
11.636
11.636
11.636
11.636
11.637
11.637
11.637
11.637
11.638
11.638
11.638
11.638
11.638
11.638
11.639
11.639
11.640
11.640
11.640
11.640
11.641
11.641
11.641
11.641
11.641
11.641
11.642
11.644
11.644
11.644
11.644
11.644
11.644
11.645
11.645
11.645
11.645
11.645
11.646
11.646
11.646
11.646
11.646
11.646
11.646
11.647
11.648
11.648
11.648
11.648
11.649
11.649
11.649
11.649
11.649
11.650
11.651
11.651
11.652
11.652
11.652
11.652
11.652
11.653
11.655
11.655
11.655
11.656
11.656
11.656
11.656
11.657
11.657
11.657
11.658
11.658
11.658
11.659
11.660
11.660
11.660
11.660
11.661
11.662
11.662
11.662
11.663
11.663
11.663
11.663
11.664
11.664
11.664
11.665
11.665
11.665
11.665
11.666
11.666
11.666
11.666
11.667
11.667
11.667
11.667
11.667
11.668
11.668
11.668
11.668
11.669
11.669
11.669
11.669
11.670
11.670
11.670
11.670
11.671
11.671
11.671
11.671
11.671
11.672
11.672
11.672
11.672
11.672
11.673
11.673
11.674
11.675
11.675
11.675
11.675
11.675
11.676
11.676
11.677
11.677
11.677
11.678
11.678
11.678
11.678
11.678
11.679
11.680
11.680
11.680
11.680
11.680
11.681
11.682
11.682
11.682
11.682
11.682
11.682
11.683
11.683
11.683
11.683
11.684
11.684
11.684
11.684
11.685
11.685
11.685
11.685
11.685
11.685
11.685
11.686
11.686
11.686
11.686
11.686
11.687
11.687
11.688
11.688
11.688
11.688
11.688
11.688
11.689
11.689
11.689
11.690
11.691
11.692
11.692
11.692
11.692
11.692
11.692
11.692
11.692
11.693
11.693
11.693
11.693
11.693
11.694
11.694
11.694
11.694
11.695
11.695
11.696
11.696
11.696
11.696
11.696
11.696
11.697
11.697
11.698
11.698
11.698
11.698
11.699
11.699
11.699
11.699
11.699
11.700
11.700
11.700
11.701
11.701
11.701
11.702
11.702
11.702
11.703
11.703
11.703
11.703
11.703
11.703
11.704
11.704
11.704
11.705
11.705
11.706
11.706
11.706
11.706
11.706
11.706
11.706
11.706
11.707
11.707
11.707
11.708
11.709
11.709
11.709
11.710
11.710
11.710
11.710
11.710
11.711
11.711
11.712
11.712
11.712
11.713
11.713
11.713
11.714
11.714
11.714
11.714
11.714
11.715
11.715
11.716
11.716
11.716
11.717
11.717
11.717
11.717
11.718
11.718
11.718
11.718
11.719
11.720
11.720
11.720
11.720
11.720
11.720
11.720
11.720
11.721
11.721
11.721
11.722
11.722
11.723
11.723
11.723
11.723
11.723
11.723
11.723
11.723
11.723
11.723
11.724
11.725
11.725
11.725
11.726
11.726
11.726
11.726
11.727
11.727
11.728
11.728
11.728
11.728
11.729
11.729
11.729
11.729
11.729
11.729
11.729
11.730
11.730
11.730
11.730
11.731
11.731
11.731
11.731
11.732
11.732
11.732
11.732
11.732
11.732
11.733
11.733
11.733
11.733
11.733
11.734
11.734
11.734
11.735
11.735
11.736
11.736
11.736
11.737
11.737
11.737
11.737
11.737
11.737
11.738
11.738
11.738
11.740
11.740
11.740
11.740
11.740
11.741
11.741
11.741
11.741
11.742
11.742
11.742
11.743
11.743
11.743
11.743
11.743
11.743
11.743
11.743
11.744
11.744
11.744
11.746
11.746
11.746
11.746
11.746
11.746
11.747
11.747
11.748
11.748
11.749
11.749
11.749
11.749
11.749
11.749
11.750
11.750
11.750
11.750
11.750
11.751
11.751
11.752
11.752
11.752
11.752
11.752
11.753
11.753
11.753
11.753
11.754
11.755
11.755
11.755
11.755
11.755
11.755
11.756
11.756
11.757
11.757
11.757
11.757
11.758
11.758
11.758
11.758
11.758
11.759
11.759
11.759
11.759
11.759
11.759
11.760
11.760
11.761
11.761
11.761
11.761
11.761
11.762
11.762
11.762
11.762
11.762
11.763
11.763
11.763
11.763
11.763
11.764
11.764
11.764
11.764
11.765
11.766
11.766
11.766
11.766
11.766
11.767
11.767
11.767
11.767
11.768
11.768
11.768
11.768
11.768
11.768
11.768
11.769
11.769
11.770
11.771
11.771
11.772
11.772
11.773
11.773
11.774
11.774
11.774
11.774
11.775
11.775
11.775
11.775
11.775
11.775
11.775
11.776
11.776
11.776
11.776
11.778
11.778
11.778
11.778
11.778
11.779
11.780
11.781
11.781
11.781
11.781
11.781
11.781
11.782
11.782
11.782
11.782
11.783
11.783
11.784
11.784
11.784
11.784
11.785
11.785
11.786
11.786
11.786
11.786
11.787
11.787
11.788
11.788
11.788
11.790
11.790
11.790
11.790
11.791
11.791
11.791
11.792
11.792
11.792
11.792
11.792
11.793
11.793
11.793
11.793
11.793
11.793
11.793
11.793
11.793
11.794
11.794
11.795
11.796
11.796
11.797
11.797
11.797
11.798
11.798
11.799
11.799
11.799
11.799
11.799
11.799
11.800
11.800
11.800
11.800
11.801
11.801
11.802
11.802
11.802
11.803
11.803
11.804
11.804
11.804
11.804
11.804
11.805
11.806
11.806
11.806
11.807
11.807
11.807
11.807
11.807
11.808
11.808
11.809
11.809
11.810
11.810
11.810
11.810
11.810
11.811
11.811
11.811
11.813
11.813
11.813
11.813
11.813
11.813
11.813
11.814
11.814
11.814
11.814
11.814
11.814
11.814
11.815
11.816
11.816
11.816
11.816
11.816
11.816
11.817
11.818
11.818
11.818
11.818
11.819
11.819
11.819
11.819
11.819
11.819
11.819
11.819
11.819
11.819
11.820
11.820
11.820
11.821
11.822
11.822
11.822
11.823
11.823
11.823
11.823
11.824
11.824
11.824
11.824
11.824
11.825
11.825
11.826
11.826
11.826
11.826
11.827
11.827
11.827
11.827
11.827
11.828
11.829
11.829
11.830
11.830
11.830
11.830
11.830
11.831
11.831
11.831
11.832
11.832
11.833
11.833
11.833
11.833
11.834
11.834
11.835
11.835
11.835
11.837
11.838
11.838
11.838
11.838
11.840
11.840
11.840
11.841
11.841
11.841
11.841
11.842
11.842
11.842
11.842
11.842
11.842
11.843
11.843
11.844
11.844
11.845
11.845
11.845
11.845
11.846
11.846
11.846
11.846
11.847
11.848
11.848
11.848
11.848
11.848
11.849
11.849
11.850
11.850
11.850
11.850
11.851
11.851
11.851
11.851
11.851
11.851
11.851
11.852
11.852
11.852
11.853
11.854
11.854
11.854
11.854
11.854
11.854
11.855
11.855
11.855
11.856
11.856
11.856
11.857
11.857
11.857
11.857
11.857
11.857
11.858
11.858
11.859
11.859
11.859
11.860
11.860
11.860
11.860
11.860
11.860
11.860
11.862
11.863
11.863
11.864
11.865
11.865
11.865
11.865
11.865
11.865
11.865
11.865
11.865
11.865
11.865
11.865
11.865
11.866
11.866
11.866
11.866
11.867
11.867
11.868
11.868
11.869
11.869
11.869
11.869
11.870
11.871
11.871
11.871
11.871
11.871
11.871
11.871
11.871
11.871
11.872
11.872
11.874
11.874
11.874
11.874
11.874
11.874
11.874
11.875
11.875
11.875
11.876
11.876
11.876
11.876
11.876
11.876
11.877
11.877
11.877
11.877
11.877
11.877
11.877
11.878
11.878
11.878
11.879
11.879
11.879
11.880
11.880
11.880
11.880
11.881
11.881
11.881
11.881
11.881
11.882
11.882
11.882
11.883
11.884
11.885
11.885
11.885
11.885
11.886
11.886
11.887
11.887
11.887
11.887
11.888
11.888
11.889
11.890
11.890
11.890
11.891
11.891
11.891
11.892
11.892
11.893
11.893
11.893
11.893
11.894
11.895
11.895
11.896
11.896
11.896
11.896
11.896
11.896
11.896
11.897
11.897
11.897
11.898
11.899
11.899
11.899
11.899
11.899
11.900
11.900
11.901
11.901
11.901
11.901
11.902
11.902
11.902
11.902
11.902
11.903
11.903
11.904
11.904
11.905
11.905
11.905
11.905
11.905
11.906
11.906
11.907
11.907
11.907
11.907
11.907
11.907
11.907
11.909
11.909
11.909
11.909
11.910
11.911
11.911
11.911
11.911
11.911
11.912
11.912
11.912
11.912
11.912
11.913
11.913
11.913
11.913
11.913
11.914
11.914
11.914
11.914
11.914
11.915
11.915
11.915
11.916
11.916
11.916
11.916
11.916
11.917
11.917
11.917
11.917
11.917
11.918
11.918
11.918
11.918
11.918
11.918
11.918
11.918
11.919
11.919
11.919
11.920
11.920
11.921
11.921
11.921
11.921
11.922
11.922
11.922
11.922
11.924
11.924
11.924
11.925
11.925
11.927
11.927
11.927
11.927
11.928
11.928
11.928
11.928
11.928
11.929
11.929
11.929
11.929
11.929
11.929
11.929
11.930
11.930
11.930
11.931
11.931
11.932
11.932
11.932
11.932
11.932
11.932
11.933
11.933
11.933
11.933
11.933
11.933
11.934
11.934
11.935
11.935
11.935
11.935
11.935
11.935
11.935
11.935
11.935
11.935
11.936
11.936
11.936
11.937
11.937
11.937
11.937
11.937
11.938
11.938
11.938
11.938
11.938
11.938
11.938
11.939
11.939
11.940
11.940
11.940
11.941
11.942
11.942
11.942
11.942
11.943
11.944
11.944
11.944
11.944
11.945
11.945
11.946
11.946
11.946
11.946
11.947
11.948
11.948
11.949
11.949
11.949
11.950
11.950
11.950
11.951
11.951
11.952
11.952
11.952
11.952
11.952
11.952
11.953
11.953
11.954
11.955
11.955
11.955
11.955
11.956
11.956
11.956
11.956
11.957
11.957
11.957
11.958
11.958
11.958
11.958
11.958
11.958
11.958
11.959
11.959
11.959
11.960
11.960
11.960
11.960
11.961
11.961
11.961
11.961
11.961
11.961
11.962
11.962
11.962
11.962
11.963
11.963
11.964
11.964
11.965
11.965
11.965
11.965
11.966
11.966
11.966
11.966
11.967
11.967
11.967
11.967
11.967
11.968
11.968
11.970
11.970
11.971
11.971
11.972
11.972
11.972
11.972
11.972
11.973
11.973
11.973
11.974
11.974
11.974
11.974
11.974
11.974
11.974
11.974
11.974
11.974
11.975
11.975
11.975
11.975
11.976
11.976
11.977
11.977
11.978
11.978
11.978
11.978
11.979
11.979
11.979
11.979
11.979
11.980
11.981
11.981
11.982
11.982
11.983
11.983
11.983
11.983
11.983
11.983
11.983
11.983
11.984
11.984
11.985
11.985
11.985
11.986
11.986
11.986
11.986
11.986
11.986
11.987
11.987
11.987
11.987
11.988
11.988
11.988
11.988
11.989
11.989
11.989
11.990
11.990
11.990
11.991
11.991
11.991
11.991
11.992
11.992
11.995
11.995
11.996
11.996
11.996
11.997
11.997
11.997
11.997
11.997
11.997
11.998
11.998
11.998
11.999
11.999
11.999
12.000
12.000
12.001
12.001
12.001
12.002
12.003
12.003
12.003
12.003
12.003
12.003
12.003
12.003
12.003
12.004
12.005
12.006
12.006
12.006
12.008
12.009
12.009
12.009
12.009
12.009
12.010
12.010
12.010
12.012
12.013
12.013
12.013
12.014
12.015
12.015
12.015
12.015
12.016
12.016
12.016
12.017
12.017
12.017
12.017
12.017
12.017
12.018
12.018
12.018
12.018
12.019
12.019
12.019
12.019
12.020
12.021
12.021
12.022
12.022
12.022
12.022
12.022
12.022
12.022
12.022
12.022
12.022
12.023
12.024
12.024
12.024
12.025
12.025
12.025
12.025
12.025
12.025
12.025
12.026
12.026
12.026
12.027
12.027
12.027
12.028
12.028
12.028
12.028
12.028
12.028
12.029
12.029
12.029
12.030
12.031
12.031
12.031
12.031
12.031
12.031
12.031
12.031
12.032
12.033
12.033
12.033
12.033
12.034
12.034
12.035
12.035
12.035
12.035
12.036
12.036
12.036
12.036
12.036
12.038
12.038
12.038
12.039
12.039
12.039
12.039
12.039
12.039
12.039
12.040
12.040
12.041
12.042
12.042
12.042
12.042
12.043
12.043
12.044
12.044
12.044
12.044
12.045
12.045
12.045
12.045
12.045
12.045
12.045
12.045
12.045
12.046
12.047
12.047
12.048
12.048
12.048
12.049
12.049
12.049
12.049
12.050
12.050
12.050
12.050
12.050
12.050
12.050
12.051
12.051
12.051
12.051
12.052
12.052
12.052
12.052
12.052
12.052
12.053
12.053
12.053
12.053
12.053
12.054
12.054
12.055
12.055
12.055
12.055
12.055
12.056
12.056
12.056
12.057
12.057
12.058
12.058
12.058
12.058
12.058
12.058
12.058
12.059
12.059
12.059
12.060
12.061
12.061
12.061
12.061
12.061
12.062
12.062
12.062
12.062
12.063
12.063
12.063
12.063
12.064
12.064
12.064
12.064
12.064
12.065
12.065
12.066
12.066
12.066
12.066
12.067
12.067
12.067
12.067
12.067
12.068
12.069
12.069
12.070
12.070
12.070
12.071
12.072
12.072
12.072
12.072
12.073
12.073
12.074
12.074
12.075
12.075
12.075
12.076
12.076
12.077
12.077
12.077
12.078
12.078
12.079
12.079
12.079
12.079
12.080
12.080
12.080
12.081
12.081
12.081
12.081
12.081
12.081
12.082
12.083
12.084
12.084
12.084
12.084
12.084
12.085
12.085
12.085
12.086
12.086
12.086
12.087
12.087
12.087
12.087
12.088
12.088
12.089
12.090
12.090
12.090
12.090
12.090
12.091
12.091
12.091
12.092
12.092
12.093
12.093
12.093
12.094
12.095
12.095
12.096
12.096
12.096
12.096
12.096
12.096
12.097
12.097
12.097
12.097
12.098
12.098
12.098
12.098
12.099
12.100
12.100
12.100
12.100
12.100
12.100
12.101
12.103
12.103
12.103
12.103
12.103
12.103
12.104
12.104
12.104
12.104
12.104
12.105
12.105
12.105
12.105
12.105
12.106
12.106
12.106
12.106
12.106
12.106
12.106
12.106
12.106
12.108
12.108
12.108
12.108
12.108
12.108
12.108
12.109
12.109
12.109
12.109
12.109
12.109
12.110
12.110
12.110
12.112
12.112
12.113
12.114
12.114
12.115
12.115
12.116
12.116
12.116
12.117
12.117
12.117
12.118
12.118
12.118
12.118
12.119
12.119
12.119
12.120
12.120
12.120
12.120
12.120
12.120
12.120
12.120
12.120
12.120
12.120
12.122
12.122
12.122
12.122
12.122
12.123
12.123
12.123
12.123
12.123
12.124
12.124
12.124
12.124
12.124
12.125
12.125
12.125
12.126
12.126
12.126
12.127
12.127
12.128
12.129
12.129
12.129
12.129
12.129
12.130
12.130
12.130
12.131
12.131
12.131
12.132
12.132
12.132
12.132
12.132
12.132
12.132
12.133
12.133
12.135
12.135
12.136
12.136
12.137
12.137
12.137
12.137
12.138
12.138
12.138
12.138
12.138
12.138
12.138
12.139
12.139
12.139
12.139
12.142
12.142
12.142
12.142
12.142
12.143
12.143
12.143
12.144
12.144
12.144
12.145
12.145
12.145
12.145
12.145
12.145
12.146
12.146
12.146
12.147
12.148
12.148
12.148
12.148
12.148
12.148
12.148
12.148
12.148
12.149
12.149
12.149
12.150
12.151
12.151
12.151
12.151
12.152
12.153
12.153
12.153
12.154
12.154
12.154
12.155
12.155
12.155
12.157
12.157
12.157
12.157
12.157
12.157
12.158
12.158
12.158
12.159
12.159
12.159
12.160
12.160
12.161
12.161
12.162
12.163
12.163
12.163
12.163
12.164
12.164
12.164
12.165
12.165
12.165
12.165
12.165
12.165
12.165
12.166
12.167
12.167
12.168
12.168
12.168
12.168
12.168
12.168
12.169
12.169
12.169
12.170
12.170
12.170
12.171
12.171
12.171
12.171
12.171
12.171
12.171
12.171
12.172
12.172
12.172
12.173
12.173
12.174
12.174
12.174
12.174
12.175
12.175
12.175
12.176
12.176
12.177
12.177
12.179
12.179
12.179
12.179
12.180
12.181
12.182
12.183
12.183
12.183
12.183
12.184
12.185
12.185
12.186
12.186
12.187
12.187
12.187
12.187
12.187
12.188
12.188
12.190
12.190
12.190
12.190
12.191
12.192
12.192
12.192
12.192
12.192
12.193
12.193
12.193
12.193
12.193
12.193
12.193
12.193
12.193
12.194
12.194
12.194
12.194
12.196
12.196
12.196
12.196
12.196
12.196
12.198
12.198
12.199
12.199
12.199
12.199
12.199
12.199
12.202
12.202
12.202
12.203
12.204
12.204
12.205
12.205
12.206
12.206
12.207
12.207
12.207
12.207
12.208
12.208
12.209
12.209
12.209
12.210
12.210
12.211
12.211
12.211
12.212
12.213
12.213
12.213
12.213
12.213
12.213
12.214
12.215
12.215
12.215
12.216
12.216
12.217
12.219
12.219
12.219
12.219
12.219
12.220
12.220
12.221
12.222
12.222
12.222
12.222
12.222
12.223
12.223
12.223
12.223
12.224
12.225
12.225
12.225
12.226
12.226
12.228
12.228
12.229
12.229
12.229
12.232
12.232
12.232
12.232
12.232
12.232
12.233
12.235
12.235
12.235
12.236
12.236
12.237
12.237
12.238
12.238
12.238
12.238
12.238
12.239
12.239
12.239
12.239
12.240
12.241
12.241
12.241
12.241
12.241
12.244
12.244
12.247
12.248
12.249
12.249
12.249
12.249
12.250
12.250
12.250
12.250
12.251
12.251
12.252
12.252
12.252
12.253
12.253
12.255
12.255
12.256
12.257
12.258
12.258
12.259
12.259
12.259
12.259
12.259
12.260
12.261
12.262
12.264
12.264
12.264
12.266
12.266
12.266
12.266
12.267
12.267
12.267
12.267
12.268
12.269
12.270
12.270
12.270
12.271
12.273
12.274
12.275
12.275
12.276
12.276
12.277
12.277
12.277
12.278
12.279
12.279
12.280
12.280
12.281
12.282
12.283
12.283
12.283
12.283
12.283
12.283
12.284
12.285
12.285
12.286
12.286
12.286
12.287
12.287
12.288
12.288
12.288
12.289
12.289
12.289
12.289
12.289
12.289
12.289
12.291
12.292
12.293
12.293
12.293
12.295
12.295
12.295
12.295
12.295
12.295
12.295
12.297
12.298
12.300
12.300
12.300
12.302
12.302
12.303
12.303
12.304
12.305
12.305
12.305
12.306
12.307
12.308
12.308
12.308
12.309
12.309
12.309
12.309
12.310
12.310
12.311
12.311
12.312
12.312
12.314
12.314
12.314
12.315
12.315
12.317
12.317
12.317
12.318
12.318
12.318
12.319
12.324
12.324
12.325
12.325
12.325
12.326
12.326
12.326
12.327
12.327
12.327
12.328
12.328
12.328
12.329
12.329
12.331
12.331
12.331
12.333
12.333
12.334
12.334
12.334
12.334
12.334
12.337
12.337
12.337
12.337
12.337
12.339
12.339
12.340
12.340
12.341
12.342
12.342
12.342
12.343
12.346
12.346
12.346
12.347
12.348
12.348
12.349
12.350
12.350
12.351
12.352
12.352
12.352
12.354
12.354
12.354
12.354
12.355
12.356
12.357
12.358
12.358
12.359
12.359
12.360
12.360
12.361
12.361
12.363
12.365
12.365
12.366
12.366
12.366
12.366
12.367
12.367
12.367
12.367
12.368
12.368
12.369
12.370
12.370
12.372
12.372
12.374
12.375
12.376
12.376
12.377
12.377
12.378
12.379
12.381
12.382
12.382
12.383
12.383
12.385
12.385
12.386
12.387
12.387
12.387
12.388
12.388
12.388
12.388
12.388
12.389
12.389
12.389
12.391
12.391
12.391
12.393
12.394
12.394
12.394
12.394
12.395
12.395
12.397
12.399
12.399
12.400
12.400
12.400
12.401
12.401
12.401
12.401
12.402
12.402
12.402
12.402
12.403
12.403
12.403
12.403
12.404
12.405
12.405
12.405
12.406
12.406
12.409
12.409
12.409
12.409
12.409
12.410
12.411
12.411
12.412
12.412
12.412
12.412
12.412
12.413
12.414
12.415
12.415
12.415
12.417
12.418
12.418
12.418
12.418
12.420
12.420
12.420
12.421
12.423
12.423
12.424
12.424
12.424
12.425
12.425
12.426
12.426
12.427
12.428
12.429
12.429
12.430
12.432
12.432
12.433
12.433
12.434
12.436
12.436
12.436
12.437
12.438
12.438
12.440
12.444
12.444
12.444
12.444
12.446
12.447
12.448
12.448
12.449
12.450
12.451
12.451
12.452
12.453
12.453
12.453
12.453
12.453
12.454
12.455
12.456
12.456
12.456
12.457
12.458
12.458
12.459
12.459
12.459
12.461
12.461
12.462
12.462
12.463
12.463
12.464
12.465
12.469
12.469
12.471
12.471
12.471
12.473
12.474
12.474
12.474
12.476
12.477
12.477
12.478
12.479
12.479
12.479
12.481
12.481
12.481
12.482
12.483
12.483
12.484
12.484
12.485
12.485
12.485
12.485
12.485
12.488
12.488
12.489
12.489
12.489
12.490
12.491
12.492
12.492
12.492
12.492
12.492
12.493
12.493
12.494
12.495
12.495
12.496
12.498
12.498
12.501
12.502
12.504
12.504
12.505
12.507
12.507
12.508
12.510
12.511
12.511
12.511
12.511
12.512
12.516
12.519
12.519
12.519
12.520
12.520
12.522
12.522
12.522
12.522
12.523
12.524
12.525
12.526
12.529
12.529
12.531
12.531
12.531
12.531
12.536
12.537
12.540
12.540
12.540
12.541
12.543
12.544
12.545
12.547
12.547
12.548
12.549
12.549
12.550
12.550
12.550
12.550
12.551
12.551
12.552
12.552
12.552
12.555
12.555
12.555
12.558
12.561
12.563
12.563
12.563
12.564
12.564
12.564
12.565
12.566
12.569
12.569
12.570
12.573
12.573
12.573
12.577
12.577
12.579
12.579
12.582
12.584
12.585
12.585
12.585
12.585
12.585
12.586
12.586
12.587
12.588
12.588
12.589
12.589
12.590
12.591
12.594
12.596
12.596
12.597
12.597
12.597
12.598
12.600
12.600
12.601
12.601
12.602
12.603
12.604
12.607
12.609
12.612
12.612
12.614
12.614
12.615
12.617
12.618
12.619
12.621
12.621
12.621
12.623
12.624
12.624
12.626
12.627
12.630
12.630
12.631
12.632
12.633
12.633
12.636
12.639
12.642
12.642
12.644
12.647
12.647
12.647
12.648
12.654
12.660
12.660
12.662
12.662
12.666
12.667
12.667
12.669
12.672
12.672
12.677
12.677
12.678
12.678
12.680
12.682
12.683
12.684
12.684
12.685
12.687
12.689
12.691
12.692
12.693
12.693
12.696
12.696
12.698
12.699
12.700
12.701
12.703
12.703
12.704
12.705
12.708
12.708
12.711
12.713
12.714
12.714
12.717
12.720
12.720
12.720
12.723
12.725
12.727
12.732
12.736
12.736
12.737
12.740
12.740
12.742
12.742
12.744
12.745
12.746
12.747
12.750
12.752
12.760
12.760
12.764
12.765
12.767
12.768
12.771
12.774
12.775
12.775
12.777
12.779
12.780
12.783
12.784
12.786
12.789
12.790
12.793
12.794
12.796
12.796
12.796
12.797
12.803
12.808
12.810
12.815
12.817
12.818
12.820
12.820
12.821
12.822
12.823
12.830
12.832
12.839
12.840
12.841
12.846
12.848
12.870
12.873
12.877
12.879
12.880
12.882
12.887
12.892
12.894
12.902
12.903
12.906
12.915
12.915
12.918
12.922
12.923
12.924
12.928
12.929
12.933
12.956
12.962
12.973
12.981
12.984
12.989
12.990
12.992
12.994
13.000
13.006
13.016
13.026
13.029
13.052
13.057
13.092
13.096
13.096
13.097
13.108
13.113
13.141
13.158
13.177
13.204
13.209
13.249
13.261
13.262
13.271
13.274
13.276
13.277
13.277
13.282
13.290
13.323
13.348
13.370
13.380
13.391
13.438
13.599
13.920
13.925
